101 19.908933 1608584741
101 0.000000 93859747856384
101 19.533498 1608584745
101 0.000000 1608581120
101 19.785357 1608585455
101 0.000000 94294136979456
101 19.573783 1608585459
101 0.000000 1608581120
101 19.936539 1608585463
101 19.812651 1608585710
101 20.029915 1608585712
101 0.000000 1608581120
101 20.075173 1608585716
101 20.050533 1608585954
101 0.000000 93882196164608
101 19.772783 1608585997
101 0.000000 94274883682304
101 20.138457 1608586061
101 0.000000 94520329830400
101 20.166799 1608586065
101 0.000000 1608581120
999 20.102311 1608586108
101 19.973113 1608586110
101 20.108470 1608586112
101 0.000000 1608581120
101 20.447001 1608586116
101 0.000000 1608581120
101 20.307014 1608586120
101 0.000000 1608581120
101 20.326906 1608586124
101 19.906197 1608586529
101 0.000000 94767893250048
101 20.104970 1608586533
101 0.000000 1608581120
999 19.954005 1608586536
999 0.000000 1608581120
101 19.974765 1608586675
101 0.000000 94747084259328
101 20.015168 1608586679
101 20.204954 1608587012
101 0.000000 94056183693312
101 19.896928 1608587016
101 20.152018 1608587067
101 0.000000 94513236934656
101 20.027482 1608587071
101 19.919511 1608587148
101 0.000000 93835964841984
101 20.206360 1608587190
101 0.000000 94173480353792
101 19.781462 1608587452
101 0.000000 94614948937728
101 19.941361 1608587456
101 0.000000 1608581120
101 19.830257 1608587460
101 0.000000 1608581120
101 19.826706 1608587490
101 0.000000 94909926604800
101 19.404290 1608587494
999 20.068311 1608587494
101 19.931256 1628171747
101 0.000000 0
101 20.213268 1628171757
101 0.000000 1628110848
101 20.029216 1628171767
101 0.000000 1628110848
101 19.914281 1628171777
101 0.000000 1628110848
101 20.177477 1628171787
101 0.000000 1628110848
101 20.497419 1628171797
