15 15 1628612339
21 17 1628612339
37 18 1628612339
49 19 1628612339
112 20 1628612339
129 23 1628612339
132 24 1628612339
142 25 1628612339
15 15.1966 1628612369
21 17.1294 1628612369
37 18.2171 1628612369
49 19.1949 1628612369
112 19.8922 1628612369
129 22.8428 1628612369
132 23.9695 1628612369
142 25.011 1628612369
15 15.3247 1628612399
21 16.9929 1628612399
37 18.151 1628612399
49 19.3276 1628612399
112 19.9239 1628612399
129 22.5963 1628612399
132 24.0055 1628612399
142 24.9329 1628612399
15 15.1818 1628612429
21 16.7939 1628612429
37 18.2441 1628612429
49 19.4797 1628612429
112 19.9965 1628612429
129 22.7164 1628612429
132 24.1367 1628612429
142 25.0375 1628612429
15 15.3867 1628612459
21 16.7888 1628612459
37 18.0772 1628612459
49 19.396 1628612459
112 19.8798 1628612459
129 22.4832 1628612459
132 23.9413 1628612459
142 24.8422 1628612459
15 15.4804 1628612489
21 16.7567 1628612489
37 18.1786 1628612489
49 19.3317 1628612489
112 19.6621 1628612489
129 22.5244 1628612489
132 24.0326 1628612489
142 24.8819 1628612489
15 15.4081 1628612519
21 16.9427 1628612519
37 18.1365 1628612519
49 19.1984 1628612519
112 19.7437 1628612519
129 22.4853 1628612519
132 24.0787 1628612519
142 24.8197 1628612519
15 15.5547 1628612549
21 17.1512 1628612549
37 17.9931 1628612549
49 19.2175 1628612549
112 19.5773 1628612549
129 22.3636 1628612549
132 24.0387 1628612549
142 24.8862 1628612549
15 15.5564 1628612579
21 17.1531 1628612579
37 17.791 1628612579
49 19.2604 1628612579
112 19.4785 1628612579
129 22.3983 1628612579
132 24.0275 1628612579
142 24.6618 1628612579
15 15.6578 1628612609
21 16.9176 1628612609
37 17.8582 1628612609
49 19.3866 1628612609
112 19.4915 1628612609
129 22.3924 1628612609
132 23.8828 1628612609
142 24.6666 1628612609
15 15.6553 1628612639
21 17.0409 1628612639
37 17.7887 1628612639
49 19.5359 1628612639
112 19.4679 1628612639
129 22.3629 1628612639
132 23.6682 1628612639
142 24.6118 1628612639
15 15.6474 1628612669
21 17.2531 1628612669
37 17.9298 1628612669
49 19.673 1628612669
112 19.6363 1628612669
129 22.3252 1628612669
132 23.6022 1628612669
142 24.5176 1628612669
15 15.6177 1628612699
21 17.1784 1628612699
37 17.8526 1628612699
49 19.6677 1628612699
112 19.4737 1628612699
129 22.2335 1628612699
132 23.811 1628612699
142 24.7228 1628612699
15 15.4988 1628612729
21 17.2578 1628612729
37 18.0877 1628612729
49 19.6052 1628612729
112 19.5867 1628612729
129 22.003 1628612729
132 23.9572 1628612729
142 24.624 1628612729
15 15.521 1628612759
21 17.0353 1628612759
37 18.176 1628612759
49 19.8126 1628612759
112 19.5151 1628612759
129 22.0169 1628612759
132 23.7703 1628612759
142 24.7953 1628612759
15 15.5245 1628612789
21 17.0243 1628612789
37 18.1563 1628612789
49 19.9289 1628612789
112 19.3521 1628612789
129 21.9738 1628612789
132 23.8711 1628612789
142 24.9766 1628612789
15 15.7316 1628612819
21 17.2308 1628612819
37 18.2983 1628612819
49 20.1043 1628612819
112 19.2706 1628612819
129 21.7398 1628612819
132 23.6275 1628612819
142 24.7885 1628612819
15 15.92 1628612849
21 17.2642 1628612849
37 18.5326 1628612849
49 20.1517 1628612849
112 19.4195 1628612849
129 21.9294 1628612849
132 23.6783 1628612849
142 24.9531 1628612849
15 15.724 1628612879
21 17.4558 1628612879
37 18.453 1628612879
49 19.9599 1628612879
112 19.6536 1628612879
129 22.1405 1628612879
132 23.7855 1628612879
142 24.7924 1628612879
15 15.6211 1628612909
21 17.6672 1628612909
37 18.2927 1628612909
49 19.9724 1628612909
112 19.6417 1628612909
129 22.0047 1628612909
132 23.9196 1628612909
142 24.8416 1628612909
15 15.7298 1628612939
21 17.6476 1628612939
37 18.2471 1628612939
49 19.814 1628612939
112 19.5116 1628612939
129 21.8633 1628612939
132 24.0029 1628612939
142 25.0913 1628612939
15 15.5676 1628612969
21 17.5287 1628612969
37 18.2398 1628612969
49 19.9624 1628612969
112 19.2918 1628612969
129 21.8555 1628612969
132 24.1309 1628612969
142 25.1509 1628612969
15 15.5875 1628612999
21 17.4774 1628612999
37 18.0554 1628612999
49 19.9919 1628612999
112 19.4527 1628612999
129 21.8714 1628612999
132 23.9248 1628612999
142 25.0394 1628612999
15 15.8355 1628613029
21 17.287 1628613029
37 18.0047 1628613029
49 20.1182 1628613029
112 19.2804 1628613029
129 22.0905 1628613029
132 24.0278 1628613029
142 24.8701 1628613029
15 15.6558 1628613059
21 17.4297 1628613059
37 17.7765 1628613059
49 20.3133 1628613059
112 19.1022 1628613059
129 22.079 1628613059
132 24.2113 1628613059
142 24.9113 1628613059
15 15.7102 1628613089
21 17.4544 1628613089
37 17.7014 1628613089
49 20.412 1628613089
112 18.9573 1628613089
129 22.0441 1628613089
132 24.198 1628613089
142 24.9013 1628613089
15 15.8863 1628613119
21 17.226 1628613119
37 17.6241 1628613119
49 20.6477 1628613119
112 19.1424 1628613119
129 22.2356 1628613119
132 24.1958 1628613119
142 25.0821 1628613119
15 15.6377 1628613149
21 17.0243 1628613149
37 17.7862 1628613149
49 20.7159 1628613149
112 19.0968 1628613149
129 22.0375 1628613149
132 24.3663 1628613149
142 25.212 1628613149
15 15.6462 1628613179
21 17.0701 1628613179
37 17.8895 1628613179
49 20.5198 1628613179
112 19.291 1628613179
129 21.8854 1628613179
132 24.5882 1628613179
142 25.3314 1628613179
15 15.6045 1628613209
21 17.287 1628613209
37 17.6634 1628613209
49 20.4856 1628613209
112 19.0882 1628613209
129 21.6833 1628613209
132 24.5083 1628613209
142 25.316 1628613209
15 15.6142 1628613239
21 17.1614 1628613239
37 17.636 1628613239
49 20.4936 1628613239
112 18.9232 1628613239
129 21.7556 1628613239
132 24.5682 1628613239
142 25.2593 1628613239
15 15.8585 1628613269
21 17.0803 1628613269
37 17.7244 1628613269
49 20.3364 1628613269
112 19.0338 1628613269
129 21.9515 1628613269
132 24.5433 1628613269
142 25.5082 1628613269
15 16.0638 1628613299
21 17.1493 1628613299
37 17.553 1628613299
49 20.4413 1628613299
112 18.8433 1628613299
129 21.7153 1628613299
132 24.6991 1628613299
142 25.7415 1628613299
15 15.9989 1628613329
21 17.3533 1628613329
37 17.403 1628613329
49 20.654 1628613329
112 18.877 1628613329
129 21.6234 1628613329
132 24.545 1628613329
142 25.8477 1628613329
15 16.0872 1628613359
21 17.1698 1628613359
37 17.2177 1628613359
49 20.4342 1628613359
112 18.7636 1628613359
129 21.4798 1628613359
132 24.4207 1628613359
142 26.0445 1628613359
15 16.3236 1628613389
21 17.0148 1628613389
37 16.9721 1628613389
49 20.6337 1628613389
112 18.8635 1628613389
129 21.4207 1628613389
132 24.3646 1628613389
142 26.1972 1628613389
15 16.2981 1628613419
21 16.8331 1628613419
37 16.7813 1628613419
49 20.8693 1628613419
112 18.8473 1628613419
129 21.5229 1628613419
132 24.4656 1628613419
142 26.1606 1628613419
15 16.4386 1628613449
21 16.8898 1628613449
37 16.7033 1628613449
49 20.6454 1628613449
112 19.0616 1628613449
129 21.5079 1628613449
132 24.2697 1628613449
142 26.1947 1628613449
15 16.2944 1628613479
21 16.9989 1628613479
37 16.6181 1628613479
49 20.5756 1628613479
112 19.2247 1628613479
129 21.6912 1628613479
132 24.3718 1628613479
142 26.1165 1628613479
15 16.4955 1628613509
21 17.2014 1628613509
37 16.6556 1628613509
49 20.5769 1628613509
112 19.3445 1628613509
129 21.7233 1628613509
132 24.158 1628613509
142 26.3491 1628613509
15 16.6458 1628613539
21 17.4029 1628613539
37 16.7422 1628613539
49 20.5232 1628613539
112 19.1919 1628613539
129 21.8039 1628613539
132 24.3501 1628613539
142 26.448 1628613539
15 16.5362 1628613569
21 17.3456 1628613569
37 16.7511 1628613569
49 20.3112 1628613569
112 19.1629 1628613569
129 21.8096 1628613569
132 24.1112 1628613569
142 26.5188 1628613569
15 16.4123 1628613599
21 17.1674 1628613599
37 16.8185 1628613599
49 20.386 1628613599
112 19.3513 1628613599
129 22.0529 1628613599
132 24.0939 1628613599
142 26.7282 1628613599
15 16.2891 1628613629
21 17.3229 1628613629
37 16.9443 1628613629
49 20.2472 1628613629
112 19.1125 1628613629
129 22.0682 1628613629
132 24.0147 1628613629
142 26.8468 1628613629
15 16.1875 1628613659
21 17.4534 1628613659
37 16.8638 1628613659
49 20.0892 1628613659
112 19.2558 1628613659
129 22.306 1628613659
132 24.2015 1628613659
142 26.9732 1628613659
15 16.3721 1628613689
21 17.5398 1628613689
37 16.6837 1628613689
49 20.2784 1628613689
112 19.2252 1628613689
129 22.2782 1628613689
132 24.1713 1628613689
142 26.7954 1628613689
15 16.3966 1628613719
21 17.4836 1628613719
37 16.7533 1628613719
49 20.1002 1628613719
112 19.1678 1628613719
129 22.4489 1628613719
132 24.2155 1628613719
142 26.9457 1628613719
15 16.2229 1628613749
21 17.2879 1628613749
37 16.5074 1628613749
49 19.8958 1628613749
112 19.0918 1628613749
129 22.3763 1628613749
132 24.298 1628613749
142 26.7356 1628613749
15 16.0723 1628613779
21 17.3892 1628613779
37 16.4155 1628613779
49 20.1015 1628613779
112 18.8454 1628613779
129 22.1891 1628613779
132 24.3622 1628613779
142 26.8152 1628613779
15 16.1888 1628613809
21 17.5594 1628613809
37 16.5134 1628613809
49 20.0872 1628613809
112 18.8458 1628613809
129 22.3067 1628613809
132 24.4997 1628613809
142 26.6176 1628613809
15 16.0636 1628613839
21 17.8037 1628613839
37 16.6217 1628613839
49 20.3126 1628613839
112 18.819 1628613839
129 22.2775 1628613839
132 24.4093 1628613839
142 26.8255 1628613839
15 16.0722 1628613869
21 17.9538 1628613869
37 16.5857 1628613869
49 20.4586 1628613869
112 18.7168 1628613869
129 22.1098 1628613869
132 24.2717 1628613869
142 27.0612 1628613869
15 16.1262 1628613899
21 17.8537 1628613899
37 16.5425 1628613899
49 20.6079 1628613899
112 18.9227 1628613899
129 21.8914 1628613899
132 24.1393 1628613899
142 27.0618 1628613899
15 16.0426 1628613929
21 17.7773 1628613929
37 16.6533 1628613929
49 20.5059 1628613929
112 18.7861 1628613929
129 21.7262 1628613929
132 24.2891 1628613929
142 27.2732 1628613929
15 16.0785 1628613959
21 17.6642 1628613959
37 16.7642 1628613959
49 20.7033 1628613959
112 18.8942 1628613959
129 21.9549 1628613959
132 24.2711 1628613959
142 27.1025 1628613959
15 16.1857 1628613989
21 17.537 1628613989
37 16.9048 1628613989
49 20.7215 1628613989
112 18.7535 1628613989
129 22.1583 1628613989
132 24.1996 1628613989
142 27.0161 1628613989
15 16.1969 1628614019
21 17.7233 1628614019
37 16.7292 1628614019
49 20.5685 1628614019
112 18.6604 1628614019
129 21.9602 1628614019
132 24.2408 1628614019
142 26.7785 1628614019
15 16.0777 1628614049
21 17.8758 1628614049
37 16.7735 1628614049
49 20.7208 1628614049
112 18.4505 1628614049
129 22.0347 1628614049
132 24.3415 1628614049
142 26.9155 1628614049
15 16.2613 1628614079
21 17.9209 1628614079
37 16.5812 1628614079
49 20.8445 1628614079
112 18.4733 1628614079
129 21.8873 1628614079
132 24.5888 1628614079
142 26.9585 1628614079
15 16.1326 1628614109
21 18.0949 1628614109
37 16.6553 1628614109
49 20.8326 1628614109
112 18.5091 1628614109
129 21.7886 1628614109
132 24.7673 1628614109
142 26.7151 1628614109
15 16.1506 1628614139
21 18.2991 1628614139
37 16.6678 1628614139
49 20.9307 1628614139
112 18.3644 1628614139
129 21.6048 1628614139
132 24.7781 1628614139
142 26.7178 1628614139
15 16.0861 1628614169
21 18.2569 1628614169
37 16.713 1628614169
49 21.0949 1628614169
112 18.524 1628614169
129 21.5696 1628614169
132 24.6588 1628614169
142 26.6486 1628614169
15 16.1268 1628614199
21 18.0267 1628614199
37 16.4713 1628614199
49 21.0304 1628614199
112 18.435 1628614199
129 21.6697 1628614199
132 24.6043 1628614199
142 26.4396 1628614199
15 16.3415 1628614229
21 17.9601 1628614229
37 16.268 1628614229
49 20.8573 1628614229
112 18.2192 1628614229
129 21.6661 1628614229
132 24.6785 1628614229
142 26.4202 1628614229
15 16.4332 1628614259
21 17.829 1628614259
37 16.5093 1628614259
49 20.8254 1628614259
112 18.3016 1628614259
129 21.7298 1628614259
132 24.4375 1628614259
142 26.3394 1628614259
15 16.5171 1628614289
21 17.7228 1628614289
37 16.6738 1628614289
49 20.6919 1628614289
112 18.0567 1628614289
129 21.6308 1628614289
132 24.5072 1628614289
142 26.3469 1628614289
15 16.5716 1628614319
21 17.5816 1628614319
37 16.7643 1628614319
49 20.5772 1628614319
112 18.0652 1628614319
129 21.7673 1628614319
132 24.3694 1628614319
142 26.596 1628614319
15 16.3969 1628614349
21 17.5131 1628614349
37 16.7091 1628614349
49 20.5692 1628614349
112 17.9019 1628614349
129 21.9562 1628614349
132 24.2764 1628614349
142 26.5349 1628614349
15 16.6116 1628614379
21 17.494 1628614379
37 16.4734 1628614379
49 20.3324 1628614379
112 17.9745 1628614379
129 22.2057 1628614379
132 24.421 1628614379
142 26.7107 1628614379
15 16.6014 1628614409
21 17.3095 1628614409
37 16.425 1628614409
49 20.2596 1628614409
112 17.784 1628614409
129 22.0621 1628614409
132 24.3092 1628614409
142 26.5291 1628614409
15 16.6226 1628614439
21 17.2877 1628614439
37 16.6265 1628614439
49 20.0388 1628614439
112 18.0055 1628614439
129 21.9404 1628614439
132 24.2972 1628614439
142 26.412 1628614439
15 16.6565 1628614469
21 17.1722 1628614469
37 16.5236 1628614469
49 20.1751 1628614469
112 17.9673 1628614469
129 22.0134 1628614469
132 24.5431 1628614469
142 26.1883 1628614469
15 16.8081 1628614499
21 16.9899 1628614499
37 16.2931 1628614499
49 20.257 1628614499
112 17.8778 1628614499
129 22.1356 1628614499
132 24.7585 1628614499
142 26.3594 1628614499
15 16.7532 1628614529
21 17.1555 1628614529
37 16.2412 1628614529
49 20.3691 1628614529
112 17.9732 1628614529
129 22.2994 1628614529
132 24.7125 1628614529
142 26.6082 1628614529
15 16.6605 1628614559
21 16.9417 1628614559
37 16.4145 1628614559
49 20.2817 1628614559
112 18.0801 1628614559
129 22.1671 1628614559
132 24.5104 1628614559
142 26.5975 1628614559
15 16.854 1628614589
21 16.987 1628614589
37 16.3519 1628614589
49 20.1674 1628614589
112 17.8716 1628614589
129 22.1649 1628614589
132 24.3273 1628614589
142 26.7298 1628614589
15 16.9415 1628614619
21 16.8387 1628614619
37 16.4717 1628614619
49 20.3655 1628614619
112 17.78 1628614619
129 22.375 1628614619
132 24.0934 1628614619
142 26.6466 1628614619
15 16.9143 1628614649
21 16.7897 1628614649
37 16.3044 1628614649
49 20.4047 1628614649
112 17.5825 1628614649
129 22.3924 1628614649
132 24.19 1628614649
142 26.8355 1628614649
15 17.0332 1628614679
21 16.5977 1628614679
37 16.454 1628614679
49 20.3669 1628614679
112 17.5402 1628614679
129 22.3249 1628614679
132 24.0894 1628614679
142 26.8117 1628614679
15 16.8511 1628614709
21 16.7165 1628614709
37 16.6475 1628614709
49 20.4997 1628614709
112 17.6057 1628614709
129 22.0979 1628614709
132 24.1526 1628614709
142 26.9542 1628614709
15 16.6912 1628614739
21 16.5617 1628614739
37 16.8278 1628614739
49 20.5239 1628614739
112 17.5667 1628614739
129 22.0635 1628614739
132 24.0421 1628614739
142 26.7327 1628614739
15 16.5047 1628614769
21 16.7203 1628614769
37 16.7942 1628614769
49 20.5992 1628614769
112 17.5253 1628614769
129 22.0089 1628614769
132 24.019 1628614769
142 26.7613 1628614769
15 16.4726 1628614799
21 16.5337 1628614799
37 16.7204 1628614799
49 20.6818 1628614799
112 17.766 1628614799
129 21.8866 1628614799
132 23.8193 1628614799
142 26.8876 1628614799
15 16.7021 1628614829
21 16.7741 1628614829
37 16.8214 1628614829
49 20.7815 1628614829
112 17.8055 1628614829
129 21.8578 1628614829
132 23.9575 1628614829
142 26.8771 1628614829
15 16.5954 1628614859
21 16.8467 1628614859
37 16.8057 1628614859
49 20.685 1628614859
112 17.685 1628614859
129 21.9251 1628614859
132 23.7302 1628614859
142 26.705 1628614859
15 16.6434 1628614889
21 16.7079 1628614889
37 16.8927 1628614889
49 20.8107 1628614889
112 17.8257 1628614889
129 21.9291 1628614889
132 23.495 1628614889
142 26.5314 1628614889
15 16.7289 1628614919
21 16.6539 1628614919
37 16.8977 1628614919
49 20.769 1628614919
112 17.9641 1628614919
129 21.8892 1628614919
132 23.5397 1628614919
142 26.6306 1628614919
15 16.6972 1628614949
21 16.4246 1628614949
37 17.0402 1628614949
49 20.6859 1628614949
112 17.7753 1628614949
129 21.9647 1628614949
132 23.6196 1628614949
142 26.3825 1628614949
15 16.6995 1628614979
21 16.3441 1628614979
37 17.0266 1628614979
49 20.6701 1628614979
112 17.7286 1628614979
129 22.0951 1628614979
132 23.6059 1628614979
142 26.4377 1628614979
15 16.8036 1628615009
21 16.1055 1628615009
37 16.9327 1628615009
49 20.7367 1628615009
112 17.9556 1628615009
129 22.0363 1628615009
132 23.7288 1628615009
142 26.3398 1628615009
15 16.8365 1628615039
21 15.9601 1628615039
37 16.792 1628615039
49 20.797 1628615039
112 17.8998 1628615039
129 21.9344 1628615039
132 23.6977 1628615039
142 26.258 1628615039
15 17.0458 1628615069
21 16.1132 1628615069
37 16.9046 1628615069
49 20.7677 1628615069
112 17.7116 1628615069
129 22.157 1628615069
132 23.6136 1628615069
142 26.061 1628615069
15 17.1689 1628615099
21 16.2215 1628615099
37 17.0585 1628615099
49 20.6896 1628615099
112 17.7028 1628615099
129 22.2329 1628615099
132 23.6328 1628615099
142 26.2553 1628615099
15 17.0664 1628615129
21 16.1482 1628615129
37 16.913 1628615129
49 20.759 1628615129
112 17.6427 1628615129
129 22.3149 1628615129
132 23.8792 1628615129
142 26.3575 1628615129
15 16.926 1628615159
21 16.2243 1628615159
37 17.0764 1628615159
49 20.617 1628615159
112 17.7039 1628615159
129 22.4769 1628615159
132 23.7059 1628615159
142 26.5528 1628615159
15 16.8661 1628615189
21 16.3115 1628615189
37 17.2343 1628615189
49 20.3853 1628615189
112 17.9168 1628615189
129 22.2687 1628615189
132 23.6574 1628615189
142 26.5598 1628615189
15 16.778 1628615219
21 16.1132 1628615219
37 17.3809 1628615219
49 20.5479 1628615219
112 18.0072 1628615219
129 22.176 1628615219
132 23.4635 1628615219
142 26.468 1628615219
15 16.6369 1628615249
21 16.0757 1628615249
37 17.6094 1628615249
49 20.6166 1628615249
112 17.9378 1628615249
129 22.3596 1628615249
132 23.6744 1628615249
142 26.4598 1628615249
15 16.4954 1628615279
21 15.9967 1628615279
37 17.844 1628615279
49 20.8529 1628615279
112 17.7922 1628615279
129 22.1594 1628615279
132 23.7069 1628615279
142 26.2996 1628615279
15 16.6442 1628615309
21 15.762 1628615309
37 17.6862 1628615309
49 20.9225 1628615309
112 17.7926 1628615309
129 22.2492 1628615309
132 23.6952 1628615309
142 26.2657 1628615309
