1 20.207208 1628460703
1 20.101335 1628460813
1 20.091324 1628461324
1 19.942772 1628461365
1 19.865352 1628461521
1 20.129122 1628461842
1 20.224739 1628461856
1 19.886359 1628462047
1 20.088095 1628462338
1 20.220104 1628462692
1 20.056166 1628462919
1 20.082055 1628462996
1 19.837886 1628463023
1 19.937472 1628463184
0 0.000000 1628464887
0 0.000000 1628464924
0 0.000000 1628464941
0 0.000000 1628510481
0 0.000000 1628512187
0 0.000000 1628513133
1 19.618368 1628513135
1 19.720261 1628513137
1 19.686780 1628513139
1 19.593933 1628513141
0 0.000000 1628513214
1 19.921776 1628513216
0 0.000000 1628513265
1 19.594291 1628513267
1 19.433591 1628513269
1 19.624484 1628513271
1 19.751906 1628513273
1 19.705041 1628513275
1 19.774406 1628513277
0 0.000000 1628513319
1 19.629896 1628513321
1 19.407226 1628513323
0 0.000000 1628513367
1 19.939323 1628513369
0 0.000000 1628513382
1 20.254768 1628513384
0 0.000000 1628513386
1 19.905554 1628513388
1 19.920811 1628513390
1 19.775711 1628513392
0 0.000000 1628513425
1 20.125713 1628513427
1 20.040658 1628513429
0 0.000000 1628513430
2 20.064195 1628513433
2 19.825254 1628513436
2 19.921613 1628513439
2 20.074371 1628513442
0 0.000000 1628513543
1 19.573887 1628513545
1 19.557120 1628513547
0 0.000000 1628513548
2 20.012369 1628513551
2 19.841716 1628513554
2 19.903802 1628513557
2 19.859528 1628513560
0 0.000000 1628513600
1 19.972581 1628513602
1 20.001513 1628513604
0 0.000000 1628513604
2 19.623366 1628513607
2 19.629189 1628513610
2 19.725858 1628513613
0 0.000000 1628513663
1 20.097453 1628513665
1 19.887420 1628513667
1 19.716952 1628513669
1 19.493368 1628513671
1 19.424066 1628513673
1 19.577109 1628513675
1 19.741676 1628513677
0 0.000000 1628513710
1 20.119183 1628513712
1 20.262621 1628513714
1 20.031892 1628513716
1 20.030676 1628513718
1 20.036614 1628513720
1 19.831448 1628513722
1 19.605209 1628513724
1 19.484970 1628513726
0 0.000000 1628513727
2 20.010022 1628513730
2 19.930247 1628513733
2 20.156445 1628513736
2 20.054809 1628513739
0 0.000000 1628513873
1 20.013694 1628513875
1 19.840445 1628513877
1 20.049662 1628513879
0 0.000000 1628513879
2 20.239873 1628513882
2 20.281960 1628513885
0 0.000000 1628513899
1 19.993800 1628513901
1 19.920344 1628513903
0 0.000000 1628513904
0 0.000000 1628514227
1 20.358215 1628514229
0 0.000000 1628514230
2 19.721304 1628514233
0 0.000000 1628514371
1 19.786495 1628514373
0 0.000000 1628514374
2 20.149584 1628514377
2 19.956948 1628514380
0 0.000000 1628514446
1 19.863724 1628514448
1 19.755128 1628514450
0 0.000000 1628514451
2 20.302206 1628514454
2 20.539724 1628514457
2 20.784453 1628514460
2 20.906112 1628514463
0 0.000000 1628514573
1 19.901165 1628514575
1 19.683863 1628514577
0 0.000000 1628514578
2 19.839647 1628514581
2 19.968459 1628514584
0 0.000000 1628516114
1 20.241296 1628516116
1 19.996300 1628516118
1 19.821576 1628516120
1 19.619809 1628516122
1 19.718866 1628516124
1 19.478927 1628516126
0 0.000000 1628516143
1 20.084491 1628516145
1 20.046956 1628516147
1 20.122284 1628516149
1 20.249212 1628516151
0 0.000000 1628516151
2 19.886063 1628516154
2 19.802309 1628516157
2 19.739721 1628516160
2 19.819392 1628516163
2 19.913851 1628516166
0 0.000000 1628516729
2 20.174574 1628516732
0 0.000000 1628516734
1 20.113056 1628516736
1 20.286184 1628516738
1 20.422909 1628516740
1 20.558770 1628516742
0 0.000000 1628517632
2 19.964411 1628517635
0 0.000000 1628517636
1 20.115196 1628517638
1 20.327273 1628517640
1 20.413881 1628517642
0 0.000000 1628518696
1 20.073366 1628518698
0 0.000000 1628518700
2 20.224152 1628518703
2 20.289268 1628518706
0 0.000000 1628521529
1 20.117229 1628521531
0 0.000000 1628521533
2 20.268014 1628521536
2 20.341270 1628521539
0 0.000000 1628521588
2 20.091316 1628521591
2 19.971824 1628521594
2 19.927539 1628521597
0 0.000000 1628521598
1 19.968280 1628521600
1 20.041016 1628521602
1 19.824334 1628521604
1 19.728296 1628521606
0 0.000000 1628522132
2 20.098150 1628522135
2 20.335852 1628522138
0 0.000000 1628522140
1 19.899721 1628522142
1 20.091205 1628522144
1 20.030661 1628522146
0 0.000000 1628522472
2 19.914921 1628522475
2 19.688369 1628522478
0 0.000000 1628522480
1 20.216492 1628522482
1 20.443722 1628522484
0 0.000000 1628522907
0 0.000000 1628522911
0 0.000000 1628523387
0 0.000000 1628523411
0 0.000000 1628525840
0 0.000000 1628525917
0 0.000000 1628526210
0 0.000000 1628526277
0 0.000000 1628526895
0 0.000000 1628526987
0 0.000000 1628527078
0 0.000000 1628527163
1 19.998670 1628527165
1 19.796184 1628527167
1 19.891138 1628527169
1 19.922356 1628527171
1 20.134716 1628527173
0 0.000000 1628527187
1 19.903383 1628527189
1 20.062244 1628527191
1 20.243447 1628527193
1 20.132897 1628527195
1 19.936868 1628527197
1 19.953359 1628527199
1 19.835658 1628527201
1 19.637730 1628527203
1 19.703655 1628527205
1 19.909643 1628527207
1 20.133120 1628527209
1 20.291724 1628527211
1 20.305289 1628527213
1 20.244534 1628527215
1 20.300353 1628527217
1 20.342091 1628527219
1 20.445719 1628527221
1 20.692908 1628527223
1 20.556370 1628527225
1 20.566057 1628527227
1 20.810876 1628527229
1 21.010342 1628527231
1 21.225468 1628527233
1 21.412243 1628527235
1 21.377794 1628527237
1 21.569941 1628527239
1 21.724991 1628527241
1 21.716378 1628527243
1 21.529781 1628527245
1 21.521138 1628527247
1 21.679803 1628527249
1 21.690131 1628527251
1 21.877735 1628527253
1 21.852549 1628527255
1 21.770313 1628527257
1 21.931883 1628527259
1 21.877286 1628527261
1 22.023941 1628527263
1 22.086714 1628527265
1 21.849381 1628527267
1 21.672159 1628527269
0 0.000000 1628527303
1 19.776164 1628527305
1 19.764868 1628527307
0 0.000000 1628527308
2 20.214646 1628527311
2 20.049464 1628527314
2 20.241362 1628530487
2 20.301459 1628530490
2 20.395498 1628530493
2 20.186026 1628530496
0 0.000000 1628530498
1 20.030774 1628530498
1 19.966119 1628530500
1 20.121609 1628530502
1 19.972501 1628530504
2 19.815059 1628530571
2 19.967955 1628530574
2 20.076708 1628530577
2 19.919110 1628530580
0 0.000000 1628530581
1 20.169070 1628530581
1 20.344919 1628530583
1 20.145900 1628530585
1 20.099836 1628531418
1 20.146795 1628531420
1 19.987243 1628531422
0 0.000000 1628531424
2 20.212243 1628531424
2 20.372973 1628531427
2 20.428758 1628531430
2 20.010754 1628531520
2 19.991826 1628531523
1 20.187760 1628531525
1 20.430308 1628531527
1 20.277594 1628531529
1 20.173419 1628531531
1 20.247230 1628531586
1 20.479787 1628531588
1 20.349663 1628531590
2 19.988835 1628531590
2 20.130573 1628531593
2 19.977340 1628531596
1 20.076758 1628531697
1 19.914086 1628531699
1 19.767691 1628531701
2 19.753764 1628531702
2 19.852568 1628531705
2 20.052287 1628531708
2 20.184037 1628531765
2 19.977441 1628531768
1 19.925641 1628531769
1 20.128226 1628531771
1 20.065871 1628531773
1 20.255234 1628531775
1 20.078573 1628531777
2 19.918196 1628532249
2 19.722492 1628532252
2 19.887071 1628532255
1 19.966004 1628532256
1 19.736366 1628532258
1 19.985506 1628532260
1 20.029184 1628532262
1 19.975789 1628532264
2 20.167568 1628534304
2 19.882125 1628534440
2 19.795607 1628534511
2 20.178071 1628534567
2 19.754332 1628534620
2 20.221244 1628535410
2 19.924139 1628535492
2 20.246961 1628537244
2 19.819896 1628542212
2 20.041590 1628542215
2 20.272740 1628542218
2 20.178976 1628542221
1 20.173908 1628542222
2 20.314975 1628542224
1 20.418554 1628542224
1 20.341931 1628542226
2 20.075943 1628542227
1 20.575771 1628542228
2 20.250103 1628542230
1 20.652700 1628542230
1 20.493507 1628542232
2 20.411825 1628542233
1 20.644644 1628542234
2 20.619233 1628542236
1 20.414704 1628542236
1 20.505077 1628542238
2 20.788937 1628542239
1 20.280674 1628542240
2 21.033380 1628542242
1 20.050933 1628542242
2 21.128829 1628542245
2 21.047353 1628542248
2 21.193781 1628542251
2 21.289716 1628542254
2 21.331316 1628542257
2 21.224949 1628542260
2 21.337972 1628542263
2 21.445619 1628542266
2 21.542924 1628542269
2 21.382744 1628542272
2 21.484108 1628542275
2 21.574405 1628542278
2 19.952398 1628543340
2 20.063114 1628543343
1 20.064805 1628543346
2 20.277561 1628543346
1 20.289292 1628543348
2 20.237530 1628543349
1 20.219076 1628543350
1 20.075607 1628543352
2 20.210375 1628543352
2 20.207071 1628543576
2 19.959461 1628543579
2 19.810484 1628543582
2 19.701908 1628543585
1 20.061082 1628543586
2 19.780689 1628543588
1 19.836425 1628543589
2 19.831597 1628543591
1 19.879676 1628543592
2 19.865395 1628543594
1 20.098704 1628543595
101 19.915094 1628543596
2 20.004563 1628543597
1 20.118414 1628543598
2 20.048435 1628543600
101 19.713389 1628543601
1 20.249161 1628543601
2 19.861904 1628543603
1 20.259935 1628543604
101 19.948868 1628543606
2 19.927642 1628543606
1 20.507442 1628543607
2 19.801817 1628543609
4 20.075309 1628543609
4 19.953442 1628543610
1 20.434280 1628543610
101 19.995500 1628543611
4 19.988817 1628543611
2 20.043937 1628543612
4 20.061334 1628543612
4 19.945182 1628543613
1 20.353641 1628543613
4 20.059557 1628543614
2 19.980497 1628543615
4 20.267378 1628543615
101 19.956139 1628543616
4 20.164065 1628543616
1 20.445195 1628543616
4 20.171722 1628543617
2 20.150323 1628543618
4 20.234637 1628543618
4 20.235567 1628543619
1 20.417455 1628543619
4 20.233422 1628543620
101 20.166724 1628543621
2 20.149168 1628543621
4 20.076112 1628543621
102 20.235524 1628543622
4 20.277756 1628543622
1 20.659748 1628543622
4 20.130822 1628543623
2 19.959706 1628543624
4 20.346374 1628543624
102 20.193495 1628543625
4 20.360547 1628543625
1 20.616030 1628543625
101 20.154476 1628543626
4 20.572313 1628543626
2 20.098273 1628543627
4 20.717701 1628543627
102 20.028766 1628543628
4 20.956915 1628543628
1 20.568656 1628543628
4 20.910925 1628543629
2 20.242770 1628543630
4 21.023044 1628543630
102 20.127168 1628543631
101 20.010322 1628543631
4 20.866218 1628543631
1 20.451352 1628543631
4 21.008678 1628543632
2 20.033750 1628543633
4 21.146300 1628543633
102 19.934225 1628543634
4 21.138402 1628543634
1 20.459961 1628543634
4 21.152144 1628543635
101 19.820124 1628543636
2 20.244905 1628543636
4 21.145661 1628543636
102 19.952389 1628543637
4 21.006138 1628543637
1 20.302528 1628543637
4 20.837922 1628543638
2 20.191416 1628543639
4 20.684323 1628543639
102 19.880280 1628543640
1 20.401840 1628543640
4 20.538922 1628543640
101 19.845378 1628543641
4 20.539797 1628543641
2 20.422317 1628543642
4 20.337809 1628543642
102 19.817808 1628543643
1 20.480164 1628543643
4 20.391719 1628543643
4 20.514203 1628543644
2 20.551678 1628543645
4 20.362674 1628543645
102 20.023320 1628543646
101 19.962748 1628543646
1 20.522486 1628543646
4 20.407548 1628543646
4 20.575841 1628543647
2 20.682000 1628543648
4 20.581282 1628543648
102 20.123895 1628543649
1 20.473727 1628543649
4 20.634576 1628543649
4 20.881047 1628543650
101 20.033093 1628543651
2 20.883312 1628543651
4 20.854947 1628543651
102 20.008386 1628543652
1 20.511378 1628543652
4 20.766850 1628543652
4 20.899623 1628543653
2 21.011588 1628543654
4 21.077906 1628543654
102 19.933751 1628543655
1 20.553799 1628543655
4 21.293836 1628543655
101 20.275558 1628543656
4 21.192433 1628543656
2 20.898834 1628543657
4 21.435726 1628543657
102 19.876666 1628543658
1 20.504515 1628543658
4 21.537602 1628543658
4 21.366560 1628543659
2 20.822417 1628543660
4 21.156094 1628543660
102 19.803949 1628543661
101 20.251563 1628543661
1 20.612127 1628543661
4 21.252516 1628543661
4 21.467986 1628543662
2 20.611325 1628543663
4 21.362033 1628543663
102 19.774655 1628543664
1 20.857211 1628543664
4 21.264765 1628543664
4 21.424749 1628543665
101 20.486989 1628543666
2 20.737887 1628543666
4 21.536929 1628543666
102 19.939213 1628543667
1 20.897873 1628543667
4 21.765382 1628543667
4 21.739220 1628543668
2 20.513264 1628543669
4 21.841308 1628543669
102 19.760878 1628543670
1 20.908393 1628543670
4 21.989491 1628543670
101 20.253535 1628543671
4 22.153330 1628543671
2 20.659665 1628543672
4 22.284065 1628543672
102 19.637843 1628543673
1 20.892112 1628543673
4 22.481153 1628543673
4 22.588758 1628543674
2 20.864469 1628543675
4 22.467631 1628543675
102 19.874492 1628543676
101 20.460215 1628543676
1 20.873171 1628543676
4 22.349294 1628543676
4 22.390027 1628543677
2 20.943978 1628543678
4 22.449801 1628543678
102 19.987253 1628543679
1 21.111948 1628543679
4 22.373237 1628543679
4 22.205881 1628543680
101 20.506782 1628543681
2 20.999464 1628543681
4 22.211554 1628543681
102 20.021781 1628543682
1 21.123341 1628543682
4 22.432744 1628543682
4 22.266841 1628543683
2 20.843448 1628543684
4 22.511462 1628543684
102 19.790049 1628543685
1 21.250330 1628543685
4 22.297159 1628543685
101 20.560910 1628543686
4 22.147189 1628543686
2 21.042580 1628543687
4 22.022620 1628543687
102 19.631997 1628543688
1 21.473597 1628543688
4 21.916296 1628543688
4 21.835052 1628543689
2 21.117480 1628543690
4 22.074435 1628543690
102 19.461435 1628543691
101 20.426578 1628543691
1 21.246355 1628543691
4 21.881474 1628543691
4 21.652540 1628543692
2 21.005663 1628543693
4 21.828497 1628543693
102 19.465569 1628543694
1 21.046244 1628543694
4 21.846631 1628543694
4 21.977913 1628543695
101 20.300068 1628543696
2 21.254390 1628543696
4 21.764179 1628543696
102 19.435862 1628543697
1 21.228934 1628543697
4 21.914673 1628543697
4 21.795085 1628543698
2 21.203334 1628543699
4 22.002840 1628543699
102 19.601454 1628543700
1 21.377589 1628543700
4 21.846297 1628543700
101 20.256039 1628543701
4 21.907282 1628543701
2 21.091799 1628543702
4 22.125065 1628543702
102 19.394411 1628543703
1 21.225547 1628543703
4 22.090085 1628543703
4 21.888234 1628543704
2 21.151214 1628543705
4 21.783608 1628543705
102 19.517907 1628543706
101 20.100439 1628543706
1 21.460507 1628543706
4 22.011958 1628543706
4 22.224274 1628543707
2 21.067709 1628543708
4 22.383583 1628543708
102 19.502945 1628543709
1 21.529914 1628543709
4 22.185015 1628543709
4 22.171464 1628543710
101 20.055920 1628543711
2 20.860500 1628543711
4 22.040875 1628543711
102 19.360192 1628543712
1 21.338207 1628543712
4 21.888169 1628543712
4 21.866908 1628543713
2 21.064028 1628543714
4 21.988518 1628543714
102 19.367211 1628543715
1 21.262013 1628543715
4 22.122508 1628543715
101 19.827030 1628543716
4 22.030546 1628543716
2 21.265924 1628543717
4 21.965383 1628543717
102 19.492577 1628543718
1 21.410713 1628543718
4 22.094759 1628543718
4 21.981347 1628543719
2 21.367993 1628543720
4 22.180234 1628543720
102 19.539427 1628543721
101 19.840942 1628543721
1 21.365775 1628543721
4 22.119205 1628543721
4 22.125215 1628543722
2 21.369032 1628543723
4 22.288915 1628543723
102 19.780223 1628543724
1 21.406394 1628543724
4 22.314618 1628543724
4 22.298223 1628543725
101 19.702834 1628543726
4 22.506411 1628543726
102 19.535161 1628543727
1 21.319412 1628543727
4 22.588507 1628543727
4 22.508090 1628543728
4 22.361882 1628543729
102 19.476308 1628543730
4 22.476481 1628543730
101 19.896911 1628543731
4 22.646768 1628543731
4 22.431760 1628543732
102 19.399808 1628543733
4 22.535452 1628543733
102 19.513983 1628543736
102 19.717132 1628543739
